14.2438
7.00878
0.829434
13.8531
8.93673
11.2229
4.60302
11.9159
13.4836
14.655
11.5617
1.14113
1.86817
9.99095
14.645
2.26678
0.0202502
0.379794
1.87138
12.3165
1.29405
5.74218
9.27095
0.340818
10.3754
5.00112
0.165951
1.53352
13.0287
0.829865
6.10526
11.6327
13.1605
6.66294
7.79567
12.7528
7.16843
11.1328
1.15646
8.20055
2.59493
6.42794
5.23392
7.48072
5.35566
12.0461
10.437
0.764412
4.14557
12.7001
10.6014
0.64747
7.36268
11.6664
1.35093
13.011
5.00334
13.872
12.7082
12.5083
14.8884
11.1321
7.48808
1.17464
9.49403
13.8485
11.4053
13.3735
11.9913
12.8476
8.38851
4.92664
0.311488
10.3405
0.0710811
3.99132
8.38236
13.0694
13.6965
12.2307
3.81431
11.9791
10.8042
1.7297
1.49326
11.8451
3.64427
0.905047
14.1942
0.45894
12.7908
2.78584
5.93309
2.5146
2.92009
10.9286
12.2656
9.35081
6.04484
14.7324